0.0 -0.5 0.5 3.001 5.9
0.10020040080160321 -0.390893444584 1.71925401348 3.5342169135 4.70061077426
0.20040080160320642 -0.149433731865 3.11644464105 3.93670713305 3.31515861484
0.30060120240480964 0.233658590964 4.51383503965 4.19813147934 1.91652693993
0.40080160320641284 0.748911340622 5.7265531691 4.32634345688 0.682125321337
0.501002004008016 1.37051515211 6.61960179187 4.34422173559 -0.274260355785
0.6012024048096193 2.06224043997 7.11693236301 4.28158182298 -0.927477229091
0.7014028056112225 2.78182975408 7.16683331812 4.16718784025 -1.31683779244
0.8016032064128257 3.48140371314 6.70485744537 4.02449704991 -1.50173467243
0.9018036072144289 4.10580608961 5.654851558 3.87149777073 -1.5284148953
1.002004008016032 4.59371741467 3.98267113791 3.7226031066 -1.42318687929
1.1022044088176353 4.88592390741 1.77715891706 3.58994434512 -1.2092474011
1.2024048096192386 4.9403961875 -0.707796550573 3.4825432568 -0.928011239762
1.3026052104208417 4.74683052019 -3.11162778969 3.40415125351 -0.641344310935
1.402805611222445 4.33066051535 -5.1067060116 3.35211301368 -0.410888053085
1.503006012024048 3.74318174016 -6.51678804176 3.31854926345 -0.277247659555
1.6032064128256514 3.04460044906 -7.33418709049 3.29266369292 -0.259879284947
1.7034068136272544 2.29010040883 -7.65215702137 3.2621178602 -0.373146162894
1.8036072144288577 1.52402550553 -7.58197853508 3.21276202434 -0.640133880401
1.9038076152304608 0.780904923284 -7.20389446056 3.12764335998 -1.09229082566
2.004008016032064 0.0891770156115 -6.56135893531 2.98682522963 -1.75423631004
2.1042084168336674 -0.526169104553 -5.6851964389 2.76920245566 -2.62080275752
2.2044088176352705 -1.04397775316 -4.62587681772 2.45649237849 -3.63905794847
2.3046092184368736 -1.44996583677 -3.47071092727 2.03815372456 -4.70985517778
2.404809619238477 -1.74007585037 -2.33216526578 1.51486578721 -5.71453982079
2.50501002004008 -1.92142212694 -1.31462577054 0.898524575639 -6.55420243921
2.6052104208416833 -2.00982296203 -0.483906608197 0.208679130323 -7.17761933795
2.7054108216432864 -2.02532392405 0.140494993838 -0.53255212805 -7.58272595454
2.80561122244489 -1.98818967458 0.569780201252 -1.30448999011 -7.79574128744
2.905811623246493 -1.91708941602 0.820325657502 -2.08932017094 -7.84316662276
3.006012024048096 -1.82973723726 0.892040773892 -2.87093310531 -7.72980049096
3.1062124248496996 -1.74514880829 0.758677826721 -3.63216694114 -7.42959339047
3.2064128256513027 -1.68607840819 0.374520238163 -4.35193155441 -6.89291879099
3.306613226452906 -1.67984833495 -0.300125849791 -5.00398108874 -6.07223559985
3.406813627254509 -1.75581300017 -1.25900991943 -5.55902998564 -4.96130379489
3.5070140280561124 -1.93881237313 -2.41416507935 -5.99073410814 -3.62860329317
3.6072144288577155 -2.24042888313 -3.59211898752 -6.28351258872 -2.21626943164
3.7074148296593186 -2.65210438743 -4.57389819233 -6.43789964579 -0.893026244463
3.8076152304609217 -3.14360033654 -5.15530335897 -6.46987122462 0.211605756729
3.907815631262525 -3.66689530791 -5.19022392548 -6.40459686123 1.04615280634
4.008016032064128 -4.16297958145 -4.60672442165 -6.26864700884 1.6296077891
4.108216432865731 -4.56968477233 -3.41567977232 -6.08458278704 2.01671277019
4.208416833667335 -4.83070009617 -1.72568927101 -5.86906154705 2.26679232666
4.3086172344689375 -4.90579821635 0.25280426713 -5.63318316579 2.43074106861
4.408817635270541 -4.77963666774 2.24367850486 -5.38338399016 2.55125596652
4.509018036072145 -4.46470106892 3.98206459244 -5.1221164008 2.66538990548
4.609218436873747 -3.99611371174 5.2909383002 -4.84839329344 2.80458515252
4.709418837675351 -3.42079026661 6.11223376557 -4.55839736946 2.99379227173
4.809619238476954 -2.78624380844 6.48533099683 -4.24615053204 3.25114702293
4.909819639278557 -2.13307881024 6.50084451116 -3.90422689339 3.58716107175
5.01002004008016 -1.49201073089 6.26023868777 -3.52461533603 4.00256261394
5.110220440881764 -0.884037084149 5.85390875736 -3.09982445328 4.4859698456
5.210420841683367 -0.321968577276 5.35461957317 -2.62413418061 5.01363989569
5.31062124248497 0.187808277739 4.81815869043 -2.0947031108 5.55268395723
5.410821643286573 0.643726476792 4.28518391358 -1.51219486919 6.06721381385
5.511022044088176 1.04758143734 3.78227593499 -0.88072641892 6.52523160081
5.61122244488978 1.40316491469 3.32292754048 -0.207204021829 6.90364756646
5.7114228456913825 1.71504968668 2.90977056488 0.499679622823 7.18983027886
5.811623246492986 1.98768820178 2.53855671115 1.23041981165 7.37963523663
5.9118236472945895 2.22497713379 2.2033543316 1.97534839029 7.47312222909
6.012024048096192 2.43035966867 1.90187777815 2.72480198697 7.46949876258
6.112224448897796 2.60741798024 1.63975284356 3.46880342975 7.36265338182
6.212424849699399 2.7607901126 1.43249680174 4.19637260734 7.1384346713
6.312625250501002 2.89711479837 1.3038771233 4.89470250663 6.7748846069
6.412825651302605 3.02557528148 1.27934889907 5.54856090298 6.24672309754
6.513026052104208 3.15751231885 1.37418091534 6.14038950495 5.53471773212
6.613226452905812 3.30466283164 1.57851981491 6.65152682693 4.63821714163
6.713426853707415 3.47598309969 1.8454002442 7.06464228896 3.5856258333
6.813627254509018 3.67376641577 2.09003303585 7.36681180893 2.43556828045
6.913827655310621 3.89051294924 2.20572899106 7.55204313078 1.26477557677
7.014028056112225 4.10813098526 2.09327767013 7.62207393031 0.147095274228
7.114228456913827 4.30031092588 1.69260251329 7.58506604884 -0.865496057
7.214428857715431 4.43763711978 1.00391431808 7.4529115714 -1.75070810544
7.3146292585170345 4.49393873581 0.0905805377376 7.23838745422 -2.51172914009
7.414829659318637 4.4519504213 -0.937109179332 6.95310136386 -3.16684274813
7.515030060120241 4.30659795496 -1.95167891732 6.60650884907 -3.73926690436
7.615230460921843 4.06505860549 -2.84108842132 6.20579403701 -4.25028015442
7.715430861723447 3.74390745142 -3.5325581142 5.7562648527 -4.71569087433
7.81563126252505 3.36463809371 -4.00066338092 5.26197590214 -5.1446568027
7.915831663326653 2.94915067437 -4.26067372328 4.72638774987 -5.54003553148
8.016032064128256 2.51638229635 -4.35374259796 4.15293540694 -5.8997757824
8.11623246492986 2.08051365556 -4.33126844485 3.54542314546 -6.21891584936
8.216432865731463 1.65058023719 -4.24299950256 2.90821012203 -6.49166469931
8.316633266533065 1.23101826918 -4.13025701502 2.24620652406 -6.71302690582
8.41683366733467 0.822660935773 -4.02352078425 1.5647449889 -6.87963119183
8.517034068136272 0.423822587182 -3.94279944655 0.869410938129 -6.98974768655
8.617234468937875 0.0312720417101 -3.89922647854 0.16590147461 -7.04276805234
8.71743486973948 -0.358963216902 -3.89669796357 -0.540053734057 -7.03855110894
8.817635270541082 -0.7509273763 -3.93282657499 -1.24271447415 -6.97698716375
8.917835671342685 -1.14811315425 -3.99890672542 -1.93632842182 -6.85797567162
9.01803607214429 -1.55278882581 -4.07899950351 -2.61514781512 -6.68179243034
9.118236472945892 -1.96520916969 -4.14864339937 -3.27349375564 -6.4496246631
9.218436873747494 -2.38271435171 -4.17410948092 -3.9058684786 -6.16392383761
9.318637274549099 -2.79883533521 -4.11351101436 -4.50707840032 -5.82821936848
9.418837675350701 -3.20266267996 -3.92118659099 -5.07230266916 -5.44620553753
9.519038076152304 -3.57886624455 -3.55638021785 -5.59703565758 -5.02018165024
9.619238476953909 -3.90879125397 -2.99577430054 -6.07685532037 -4.54921937416
9.719438877755511 -4.17289248922 -2.24700899812 -6.50701662681 -4.02758516493
9.819639278557114 -4.35435505295 -1.35769920978 -6.88192232556 -3.44397375644
9.919839679358718 -4.44312457055 -0.413755459005 -7.19458152925 -2.78212475835
10.02004008016032 -4.43908128241 0.476122213065 -7.43622729637 -2.02351243266
10.120240480961924 -4.35306557497 1.20672685766 -7.59633955763 -1.15283988264
10.220440881763528 -4.20508557934 1.70458455341 -7.66336497079 -0.166327574439
10.32064128256513 -4.02003622524 1.9477559313 -7.62633110943 0.919319042605
10.420841683366733 -3.82218863867 1.9697795728 -7.47720135676 2.06204402205
10.521042084168336 -3.63017242553 1.84620122939 -7.21328810044 3.19876691099
10.62124248496994 -3.4539891485 1.66890112975 -6.838712423 4.25964955144
10.721442885771543 -3.29478101166 1.51876977771 -6.3641642046 5.18626969707
10.821643286573146 -3.14695311051 1.44751333006 -5.80503264689 5.94458088244
10.92184368737475 -3.0014166048 1.47363019082 -5.17875465225 6.52724763283
11.022044088176353 -2.84860686272 1.59001706881 -4.50242644029 6.94676511135
11.122244488977955 -2.68043190182 1.77654055387 -3.7913403052 7.22487006462
11.22244488977956 -2.49097419007 2.01155313957 -3.05854664363 7.38332254356
11.322645290581162 -2.27623014557 2.27933428623 -2.31516074102 7.43842516105
11.422845691382765 -2.03333448056 2.57306385114 -1.57102080429 7.39934193015
11.52304609218437 -1.75967399275 2.89422156374 -0.835362873338 7.26929530658
11.623246492985972 -1.45219047701 3.24950990621 -0.117274892247 7.0486768865
11.723446893787575 -1.10707742152 3.64634067404 0.574222832958 6.73916855198
11.823647294589179 -0.719960238309 4.08781316576 1.23052036988 6.34791605819
11.923847695390782 -0.286567004192 4.56810951577 1.844131757 5.89052509709
12.024048096192384 0.196197061591 5.06904986823 2.40959278665 5.39161091575
12.124248496993989 0.728889271592 5.55794294407 2.92426253599 4.88218640686
12.224448897795591 1.3080061353 5.98616684027 3.38871533547 4.39440939761
12.324649298597194 1.92431262842 6.2877394012 3.80654644545 3.95543649965
12.424849699398798 2.56105585515 6.3786601205 4.18361290481 3.58268664467
12.525050100200401 3.19229498154 6.16094715218 4.52693709606 3.28194669252
12.625250501002004 3.78215675073 5.53829101403 4.84356454274 3.04818084912
12.725450901803606 4.28649244882 4.4486548444 5.13957472131 2.86745282612
12.82565130260521 4.65849364228 2.90840279491 5.41926727673 2.71831818218
12.925851703406813 4.8584246392 1.04501831226 5.68444368688 2.57244329852
13.026052104208416 4.86474911324 -0.911643279436 5.93374647526 2.39522258453
13.12625250501002 4.68178915935 -2.68820081754 6.16205033912 2.14595414563
13.226452905811623 4.3401079635 -4.04647153888 6.35978428548 1.7762093817
13.326653306613226 3.88994098304 -4.8373266624 6.51208082793 1.2290636632
13.42685370741483 3.39134804749 -5.0131274768 6.5982575955 0.448271439442
13.527054108216433 2.90447223986 -4.61780356823 6.59306032048 -0.595505008811
13.627254509018035 2.48091527363 -3.77632139369 6.47111457923 -1.87013943732
13.72745490981964 2.15625375921 -2.67961485342 6.21416817197 -3.26611816639
13.827655310621243 1.94509324638 -1.54666667796 5.81789040799 -4.62328473563
13.927855711422845 1.84112222557 -0.565976416421 5.29404833743 -5.79144501135
14.02805611222445 1.82278401057 0.151634660866 4.66657905732 -6.68391331572
14.128256513026052 1.8617949014 0.580285842457 3.96420640053 -7.29008802957
14.228456913827655 1.93041109123 0.750068401926 3.2138948689 -7.64943634183
14.32865731462926 2.00502957542 0.70738781256 2.43777114304 -7.81298850263
14.428857715430862 2.06623015273 0.485939686453 1.65354406999 -7.81448835995
14.529058116232465 2.09678990703 0.0954742307942 0.876959359581 -7.65890778802
14.629258517034069 2.07941317306 -0.473227577172 0.1245678821 -7.3271752867
14.729458917835672 1.99560691192 -1.23126971002 -0.58465323779 -6.79369119609
14.829659318637274 1.82662389645 -2.16884711606 -1.22986712167 -6.05126208545
14.929859719438877 1.55653967442 -3.23763647149 -1.79141204698 -5.13326974046
15.030060120240481 1.17629170853 -4.35094719282 -2.2553425155 -4.11940983564
15.130260521042084 0.686587434116 -5.40545922547 -2.61734813077 -3.11740485347
15.230460921843687 0.0980272716234 -6.3116117151 -2.88390772226 -2.22892283578
15.330661322645291 -0.57132287007 -7.01077691655 -3.07007260721 -1.51986515386
15.430861723446894 -1.2988284803 -7.46700019341 -3.19520832511 -1.01076577156
15.531062124248496 -2.05829536345 -7.64006954392 -3.27885830332 -0.687655053064
15.6312625250501 -2.81812767546 -7.45921657405 -3.3382799698 -0.522324235572
15.731462925851703 -3.5377893158 -6.81892425243 -3.38794468574 -0.489433856994
15.831663326653306 -4.16568869332 -5.61345267028 -3.44021632064 -0.571943015825
15.93186372745491 -4.64258733375 -3.8101999882 -3.50585787186 -0.752559636534
16.03206412825651 -4.91302888009 -1.52712001136 -3.59324033851 -0.99855998916
16.132264529058116 -4.94197001505 0.952305366946 -3.70636957676 -1.25625372653
16.23246492985972 -4.72777075816 3.26688750201 -3.8433449937 -1.46511202879
16.33266533066132 -4.30292170919 5.11883068674 -3.9967745983 -1.57873681381
16.432865731462925 -3.72240399247 6.36342645853 -4.15560372942 -1.56901657923
16.53306613226453 -3.04817359014 6.99680922803 -4.3062133017 -1.40912184575
16.63326653306613 -2.33851788794 7.08279538008 -4.43152442047 -1.05491406293
16.733466933867735 -1.64476990959 6.68935985498 -4.50911616578 -0.446499196881
16.83366733466934 -1.01208420557 5.87376929644 -4.51088646051 0.462829984195
16.93386773547094 -0.479301584305 4.71167523796 -4.40658010613 1.66195831928
17.034068136272545 -0.07515166354 3.33332167948 -4.17138187724 3.05145849733
17.13426853707415 0.187608926272 1.92248429705 -3.7944340329 4.45954529205
17.23446893787575 0.315316716074 0.665107523771 -3.28315570236 5.70610389547
17.334669338677354 0.330256220405 -0.315279057575 -2.66038676249 6.67261891269
17.43486973947896 0.262588781107 -0.985010628475 -1.95636649057 7.3297799658
17.53507014028056 0.14212964388 -1.37785701761 -1.20062233821 7.71422692048
17.635270541082164 -0.00614714115177 -1.54880092283 -0.417628829107 7.88237681091
17.73547094188377 -0.162094474481 -1.53402205493 0.373062606446 7.87099301916
17.83567134268537 -0.307312960463 -1.33068156635 1.15368274741 7.67736878169
17.935871743486974 -0.421140178328 -0.898526421063 1.90418712836 7.26080732064
18.03607214428858 -0.47789091483 -0.183221697159 2.59941088348 6.56534297577
18.13627254509018 -0.447433617397 0.841655836807 3.20949134868 5.56110181787
18.236472945891784 -0.300314458342 2.13005716706 3.70481088043 4.28910242784
18.336673346693388 -0.0161913214153 3.54757922701 4.0643374117 2.8785367403
18.43687374749499 0.408648631835 4.90650953408 4.28316345171 1.5119487065
18.537074148296593 0.959209048617 6.03205550059 4.3743747725 0.353382551469
18.637274549098198 1.60572634698 6.80763489369 4.3639333528 -0.510268586476
18.7374749498998 2.30958636373 7.16802591824 4.28206635215 -1.07777072288
18.837675350701403 3.02656513098 7.05941367412 4.15616654202 -1.39937369303
18.937875751503007 3.70628370368 6.41125437708 4.00788307485 -1.53307250065
19.03807615230461 4.29098117638 5.15438513766 3.8538596324 -1.51876796531
19.138276553106213 4.71870561277 3.2882011222 3.70768722584 -1.37987136563
19.238476953907817 4.93420326881 0.956629472825 3.58060038081 -1.14395188549
19.338677354709418 4.90484339514 -1.5393336069 3.48006881555 -0.859807995161
19.438877755511022 4.63253545635 -3.83416216347 3.40776004649 -0.591336551706
19.539078156312627 4.15292655165 -5.64246702931 3.35915437387 -0.394155435493
19.639278557114228 3.52209708963 -6.8477377146 3.32528662207 -0.300715360771
19.739478957915832 2.79967345766 -7.48530306068 3.29489281279 -0.327029295067
19.839679358717436 2.03741048339 -7.66229613128 3.25521225351 -0.489593391184
19.939879759519037 1.27599462686 -7.48305791879 3.19134845692 -0.814915201649
20.04008016032064 0.547407265989 -7.01503839957 3.08542139514 -1.33382989023
20.140280561122246 -0.12140182032 -6.29476876339 2.91698534729 -2.06293494811
20.240480961923847 -0.706764273214 -5.35677964715 2.66559953412 -2.98215910491
20.34068136272545 -1.18964746576 -4.26269418938 2.3152730242 -4.02229031796
20.440881763527056 -1.55901446792 -3.10937962994 1.85909868632 -5.07507798798
20.541082164328657 -1.81455217745 -2.00874130225 1.3016690159 -6.02581078121
20.64128256513026 -1.96647052245 -1.05334639999 0.657789954634 -6.7906566241
20.741482965931862 -2.0321971782 -0.292672946624 -0.0518073397648 -7.33616214201
20.841683366733466 -2.03189215716 0.266072384747 -0.805364838823 -7.67218282726
20.94188376753507 -1.98511691716 0.637840905249 -1.58328904715 -7.82736694942
21.04208416833667 -1.90988339403 0.834757025997 -2.36865876518 -7.82244834902
21.142284569138276 -1.82393233809 0.848074146472 -3.14542753609 -7.65219220593
21.24248496993988 -1.7471886593 0.643509749192 -3.89548429515 -7.28128783082
21.34268537074148 -1.70384525685 0.173838236174 -4.59613961735 -6.65738544519
21.442885771543086 -1.72224847759 -0.590141530964 -5.2198320135 -5.74198321827
21.54308617234469 -1.83104516306 -1.61855995412 -5.73751651863 -4.55031409848
21.64328657314629 -2.05162170669 -2.79430165918 -6.12555600044 -3.17642769135
21.743486973947896 -2.38950229566 -3.92351955967 -6.37321536619 -1.7770015968
21.8436873747495 -2.82894772568 -4.7859409643 -6.48629291707 -0.513987239424
21.9438877755511 -3.33332234506 -5.19299587889 -6.48441259716 0.506566289518
22.044088176352705 -3.85023695697 -5.02205178983 -6.39382107305 1.2584135768
22.14428857715431 -4.3188386389 -4.22805708944 -6.24008434366 1.77572848113
22.24448897795591 -4.67805859473 -2.85418184606 -6.04384066801 2.11696001322
22.344689378757515 -4.87618556291 -1.04553108341 -5.81980811045 2.33915585068
22.44488977955912 -4.88099760458 0.958779545708 -5.57743894213 2.49024583415
22.54509018036072 -4.6869264817 2.87822341399 -5.3217725944 2.61087296248
22.645290581162325 -4.31516924386 4.47289556862 -5.05405506304 2.73617557989
22.74549098196393 -3.80606338674 5.60729273681 -4.77230380611 2.89529580241
22.84569138276553 -3.20759633585 6.26150708887 -4.4719480024 3.11069647915
22.945891783567134 -2.56525840952 6.49760559885 -4.14651446811 3.39778081585
23.04609218436874 -1.91617634857 6.41324298046 -3.78838912179 3.76357878981
23.14629258517034 -1.28741740555 6.10748879957 -3.38977097937 4.20438267294
23.246492985971944 -0.696778279748 5.66497331066 -2.94384712187 4.70408326619
23.34669338677355 -0.154471401269 5.15247033706 -2.44601007689 5.23524287386
23.44689378757515 0.335138320713 4.6202317047 -1.89479434126 5.76357519126
23.547094188376754 0.771961670969 4.10354000834 -1.29223927203 6.25456479152
23.647294589178358 1.15873573113 3.62368347006 -0.643583432026 6.67975102816
23.74749498997996 1.49968466814 3.18940959384 0.0435540015134 7.02041582113
23.847695390781563 1.79939761645 2.7998965838 0.760185028955 7.26766403793
23.947895791583168 2.06208611592 2.44928973896 1.49680870429 7.41946848024
24.04809619238477 2.29134518857 2.13202368359 2.2438743501 7.47604188185
24.148296593186373 2.490439266 1.84780688836 2.99176087058 7.43501610292
24.248496993987978 2.66302351663 1.60513322502 3.73031434973 7.2876264283
24.34869739478958 2.81409370003 1.42211548337 4.44809867391 7.0169921138
24.448897795591183 2.95083043627 1.3233167629 5.13162854361 6.5997058111
24.549098196392787 3.08287700282 1.33151591309 5.76497783943 6.01186127816
24.649298597194388 3.22154164398 1.45472728236 6.33022366308 5.2395372002
24.749498997995993 3.37758667563 1.67186673398 6.80906385954 4.2909693758
24.849699398797597 3.55779377267 1.92401207925 7.18549493351 3.2043606825
24.949899799599198 3.76126659559 2.11899419321 7.44876948751 2.04478412333
25.050100200400802 3.97701610713 2.15214273179 7.59540036701 0.888731863174
25.150300601202403 4.18421330299 1.93708347294 7.62925724749 -0.196798191546
25.250501002004007 4.35552971072 1.43436863464 7.55975314734 -1.16981463419
25.350701402805612 4.46273967456 0.666529406801 7.39905677544 -2.0168887407
25.450901803607213 4.48289674228 -0.285855295138 7.15950302417 -2.74649024398
25.551102204408817 4.40319860475 -1.30560050603 6.85192021052 -3.37848309293
25.65130260521042 4.22312119063 -2.27029789699 6.48496568113 -3.93510489266
25.751503006012022 3.95338074652 -3.08225225225 6.06519854453 -4.43533977985
25.851703406813627 3.61242002463 -3.68664819307 5.59755862166 -4.89228181415
25.95190380761523 3.22186603347 -4.07390805455 5.08600002702 -5.31254128548
26.052104208416832 2.80242681763 -4.26959162405 4.53411188546 -5.69700804932
26.152304609218437 2.37112823287 -4.3190027624 3.9456142992 -6.04250476763
26.25250501002004 1.9400805913 -4.27290153981 3.32466369582 -6.34384495135
26.352705410821642 1.51646750432 -4.1776281416 2.67595529816 -6.59574250943
26.452905811623246 1.10327716799 -4.07012471445 2.00466173145 -6.79409885953
26.55310621242485 0.700330085629 -3.9766991027 1.31628419856 -6.93646347324
26.65330661322645 0.305309707392 -3.91395406775 0.616495105667 -7.02178376067
26.753507014028056 -0.0853468677784 -3.89043394798 -0.0889726084014 -7.04979604601
26.85370741482966 -0.475715185299 -3.90799594188 -0.794374012223 -7.02044973145
26.95390781563126 -0.869747813103 -3.96232926968 -1.49395768647 -6.93366154389
27.054108216432866 -1.27063982865 -4.04247169719 -2.18196850364 -6.78950382099
27.15430861723447 -1.68010492613 -4.12957561368 -2.85268686911 -6.58871190964
27.25450901803607 -2.09751608609 -4.19558161492 -3.50052309589 -6.33321788562
27.354709418837675 -2.5189514708 -4.20288883682 -4.12015103919 -6.02632861341
27.45490981963928 -2.9363164921 -4.10644322944 -4.70662759972 -5.67223455332
27.55511022044088 -3.33685721298 -3.85967033533 -5.25542450673 -5.27475894337
27.655310621242485 -3.70349574578 -3.42492377909 -5.76230441023 -4.8355665667
27.75551102204409 -4.01639904412 -2.78728273638 -6.22300957729 -4.35229555284
27.85571142284569 -4.2559468939 -1.96776091494 -6.63278224291 -3.81716242506
27.955911823647295 -4.40673552818 -1.02960405401 -6.98579138729 -3.21657916454
28.0561122244489 -4.46160650985 -0.0718340270203 -7.27459545432 -2.53235766809
28.1563126252505 -4.4243086014 0.791259023932 -7.48983588166 -1.74525225776
28.256513026052104 -4.30960494049 1.45913849916 -7.62043399947 -0.84152543496
28.35671342685371 -4.14046868146 1.87230596734 -7.65458676983 0.177914411973
28.45691382765531 -3.943062966 2.0277776724 -7.58169393702 1.28884008268
28.557114228456914 -3.74102836418 1.97702817863 -7.39490319829 2.44101549154
28.65731462925852 -3.55085313917 1.80709809175 -7.09341956142 3.56598639435
28.75751503006012 -3.37969565568 1.61221433105 -6.68353304498 4.59404641523
28.857715430861724 -3.22604524494 1.46763149906 -6.17780282428 5.47234050786
28.95791583166333 -3.08245768866 1.41541991452 -5.59276475875 6.17510205701
29.05811623246493 -2.93897313132 1.46485854693 -4.94618238703 6.70254740725
29.158316633266534 -2.78593309024 1.60279748666 -4.25485814438 7.07181791176
29.258517034068138 -2.61556544393 1.80684543679 -3.53349251685 7.30601720209
29.35871743486974 -2.42234086332 2.0560404725 -2.7945387237 7.42583930982
29.458917835671343 -2.20248515323 2.33693441092 -2.04869161086 7.44531453143
29.559118236472944 -1.95310867271 2.64528322578 -1.30561025915 7.37125001691
29.65931863727455 -1.67134327597 2.98443948483 -0.574554638448 7.20530183126
29.759519038076153 -1.35375475237 3.36158851698 0.135273320907 6.94769042963
29.859719438877754 -0.996199109783 3.7828366476 0.814806621734 6.60163815302
29.95991983967936 -0.594187373434 4.24818209205 1.45562437522 6.17737747566
30.060120240480963 -0.143719375943 4.74725597294 2.05078809067 5.69443805313
30.160320641282564 0.357521083597 5.256460735 2.59576946842 5.1809910852
30.260521042084168 0.908751069983 5.73733167156 3.08914413299 4.66994630141
30.360721442885772 1.50453557447 6.13523793289 3.53277498926 4.19292825027
30.460921843687373 2.13309396841 6.37793425008 3.93137219397 3.7742731612
30.561122244488978 2.77451095203 6.37566752999 4.29154770364 3.42723390423
30.661322645290582 3.39924204232 6.02811876689 4.62064585633 3.15330342205
30.761523046092183 3.96796848542 5.24555585626 4.9256332485 2.94380606432
30.861723446893787 4.43445671102 3.98718023111 5.21218302379 2.78186135307
30.96192384769539 4.7527217317 2.3053179263 5.48391336285 2.643431322
31.062124248496993 4.88778464426 0.367379154976 5.74169581037 2.49782870952
31.162324649298597 4.82629847252 -1.57135565657 5.98302256488 2.30838458793
31.2625250501002 4.58199683421 -3.23938669643 6.20140899011 2.03215833954
31.362725450901802 4.19337275594 -4.42434713312 6.38566615884 1.61782763189
31.462925851703407 3.71540928111 -5.01220579887 6.51904479615 1.00669184652
31.56312625250501 3.20946213786 -4.98797714989 6.57906140249 0.146900991972
31.663326653306612 2.73394676604 -4.42346927661 6.53963001827 -0.975508252417
31.763527054108216 2.33614402341 -3.46731463507 6.37659153868 -2.30411901627
31.86372745490982 2.04532520503 -2.32503760403 6.07533072185 -3.70788574229
31.96392785571142 1.86913656899 -1.21301757232 5.63657038299 -5.02166585696
32.06412825651302 1.79551506153 -0.299163593759 5.0765982155 -6.11015211144
32.16432865731463 1.79970830605 0.333757585744 4.4217804172 -6.91106525008
32.26452905811623 1.85284311021 0.681988472398 3.70095475468 -7.43363770855
32.364729458917836 1.92819049791 0.78515818095 2.93978554984 -7.72527673708
32.46492985971944 2.00352273281 0.688039225983 2.1588825354 -7.83406136256
32.565130260521045 2.06028628111 0.416773127883 1.37507409904 -7.7849186002
32.66533066132264 2.0813039471 -0.0268893556304 0.604175341132 -7.57349943987
32.765531062124246 2.0486968072 -0.656038373035 -0.136429512144 -7.17551556071
32.86573146292585 1.94334856964 -1.47835222362 -0.826766089935 -6.56775189922
32.965931863727455 1.74662956332 -2.47295191721 -1.44567958384 -5.75403822714
33.06613226452906 1.44407325978 -3.57689476603 -1.97460633302 -4.78401266557
33.166332665330664 1.02940807701 -4.69283241413 -2.40228106124 -3.75122153635
33.26653306613226 0.50673262496 -5.71659784129 -2.72800753188 -2.76728970015
33.366733466933866 -0.110357550441 -6.5665671445 -2.96166402192 -1.92601602755
33.46693386773547 -0.801739234273 -7.19339008984 -3.12051320485 -1.27869025225
33.567134268537075 -1.54336795657 -7.56371806201 -3.22465151731 -0.832089657945
33.66733466933868 -2.30741668718 -7.63041094411 -3.29324964138 -0.564456807562
33.76753507014028 -3.05963980259 -7.3106717861 -3.34275858078 -0.446491434394
33.86773547094188 -3.75583292557 -6.49298084165 -3.38695954075 -0.455559298117
33.967935871743485 -4.34103892736 -5.08589832792 -3.43778814254 -0.576302473529
34.06813627254509 -4.75549490449 -3.09920979301 -3.50551833859 -0.788163168244
34.168336673346694 -4.94846701939 -0.709073275605 -3.59746386064 -1.05101120617
34.2685370741483 -4.89491651255 1.76004799707 -3.71587269538 -1.30581758834
34.3687374749499 -4.60514955513 3.95165559493 -3.85690089127 -1.49399302453
34.4689378757515 -4.12089598641 5.61332132487 -4.01169190044 -1.57562510977
34.569138276553105 -3.50112934919 6.65359540709 -4.16827940453 -1.52597145882
34.66933867735471 -2.8073408458 7.10142050487 -4.31213280288 -1.31491744396
34.76953907815631 -2.09538226098 7.02827612036 -4.42474668448 -0.892530504509
34.86973947895792 -1.41413088158 6.4977830315 -4.48191134082 -0.198931129536
34.96993987975952 -0.806619418855 5.5671763016 -4.45433492239 0.799960830672
35.07014028056112 -0.308977116034 4.32402369216 -4.31248980582 2.06836418196
35.170340681362724 0.054349153436 2.91577812311 -4.03493481459 3.4813322795
35.27054108216433 0.276218402725 1.53301395788 -3.61609542712 4.85688017112
35.37074148296593 0.368282969576 0.348603931209 -3.06855346112 6.0273537077
35.47094188376754 0.356057246354 -0.540174338835 -2.41824362322 6.90047511546
35.57114228456914 0.270294107826 -1.12356351002 -1.69587432281 7.470570062
35.67134268537074 0.139602198066 -1.44643572502 -0.929681239665 7.78495583191
35.77154308617234 -0.0126648982959 -1.56149632524 -0.142473193612 7.89742354222
35.87174348697395 -0.167289311285 -1.49446289549 0.647144078402 7.8340401969
35.97194388777555 -0.305610710683 -1.23026442462 1.42113545594 7.5796529229
36.07214428857716 -0.405656887502 -0.721021417319 2.15811626258 7.085627469
36.17234468937876 -0.440162613176 0.0844508503209 2.83127285958 6.29870176002
36.27254509018036 -0.378434818479 1.19535715171 3.41006666297 5.20580406959
36.37274549098196 -0.192732853296 2.53914342906 3.8664524731 3.87439374296
36.47294589178357 0.133013916222 3.9595831765 4.18353935253 2.45564491797
36.57314629258517 0.596894427192 5.26514149154 4.36188546395 1.13483313194
36.673346693386776 1.17885435115 6.2945978174 4.41919749556 0.0575324538554
36.77354709418837 1.84572994334 6.94805994689 4.38364450408 -0.716267504632
36.87374749498998 2.55673100798 7.16669968145 4.28520756125 -1.20538764739
36.97394789579158 3.26549429561 6.89215296787 4.14968695533 -1.46669960095
37.07414829659319 3.91897310544 6.05066798516 3.99704622862 -1.55457783765
37.17434869739479 4.45720615821 4.58823974418 3.84278653287 -1.50314715968
37.274549098196395 4.81892247604 2.54651425685 3.69971787807 -1.33524625746
37.37474949899799 4.95468539925 0.125288836237 3.5780019499 -1.08435866064
37.4749498997996 4.8425661506 -2.33910395909 3.48335952694 -0.805409186954
37.5751503006012 4.49642886012 -4.49344914495 3.41541191922 -0.561380216165
37.675350701402806 3.96043968043 -6.1041937169 3.36805559529 -0.40042456494
37.77555110220441 3.29345208748 -7.11133082757 3.33152584253 -0.348096135019
37.875751503006015 2.55324541395 -7.58324403332 3.2941841327 -0.419113870514
37.97595190380761 1.7878514717 -7.63257074696 3.24277629749 -0.632986843373
38.07615230460922 1.03459329374 -7.35349046789 3.16159784763 -1.01858228351
38.17635270541082 0.323278139534 -6.80195856926 3.03196371985 -1.60369143862
38.276553106212425 -0.320519830834 -6.01105470525 2.8333017091 -2.39438062357
38.37675350701403 -0.874679707109 -5.02184896709 2.54640172586 -3.35481464431
38.476953907815634 -1.3226683806 -3.90701439004 2.15807422668 -4.40159678214
38.57715430861723 -1.65688845136 -2.76960729063 1.66520828538 -5.42192888505
38.677354709418836 -1.88055307591 -1.71663400345 1.07599555552 -6.30949469373
38.77755511022044 -2.00639741968 -0.826590195767 0.407513831454 -6.99721384343
38.877755511022045 -2.05282813794 -0.133648335934 -0.318955652419 -7.46773749839
38.97795591182365 -2.03971075568 0.364239073611 -1.08237691754 -7.73947922625
39.078156312625254 -1.98581628383 0.68267058756 -1.8642655981 -7.84039264057
39.17835671342685 -1.90866911901 0.827623453774 -2.64836640868 -7.78366738115
39.278557114228455 -1.82631427007 0.781483097186 -3.41837355777 -7.55393949463
39.37875751503006 -1.75979259759 0.503573920723 -4.15498363943 -7.10832420725
39.478957915831664 -1.73468510258 -0.0514073313431 -4.83392166404 -6.3951213531
39.57915831663327 -1.77991494727 -0.897973180506 -5.42670805343 -5.3888544553
39.67935871743487 -1.92261408859 -1.98015239193 -5.90526427672 -4.12827341724
39.77955911823647 -2.17986057302 -3.15350726884 -6.24937572789 -2.73045929808
39.879759519038075 -2.5506724989 -4.20967365922 -6.45338243253 -1.35997643509
39.97995991983968 -3.01231621327 -4.93317377883 -6.52788447488 -0.16572367689
40.08016032064128 -3.52242322213 -5.15430373768 -6.49527334534 0.771378619346
40.18036072144289 -4.02510152929 -4.77508875003 -6.38207796357 1.44731784301
40.28056112224449 -4.45864931924 -3.77907620671 -6.21246058787 1.90718076302
40.38076152304609 -4.76430071522 -2.24379443784 -6.00509778994 2.21049842559
40.480961923847694 -4.89622220078 -0.349559756826 -5.77288146137 2.41150104566
40.5811623246493 -4.83104007282 1.64332607618 -5.52372878964 2.55547625885
40.6813627254509 -4.57283113559 3.46095744729 -5.26136802029 2.68112595343
40.78156312625251 -4.15036549711 4.8962591206 -4.98592977084 2.82150887249
40.88176352705411 -3.6076321215 5.85577334977 -4.6945431855 3.00334559307
40.98196392785571 -2.99238784297 6.35269702624 -4.38200064098 3.24650250957
41.08216432865731 -2.34739119126 6.46570959337 -4.04147006293 3.56334804049
41.18236472945892 -1.70610608974 6.29545817528 -3.66532470281 3.95699407062
41.28256513026052 -1.09204223681 5.93696719447 -3.2461854061 4.4190765795
41.38276553106213 -0.519974109078 5.46882129855 -2.77812608713 4.92908248512
41.482965931863724 0.00230187689994 4.9518613355 -2.25779633666 5.4568073392
41.58316633266533 0.472259553391 4.43071371161 -1.68513865152 5.96781220811
41.68336673346693 0.891088920921 3.93510540308 -1.06347986893 6.4300444165
41.78356713426854 1.26225790522 3.48101589403 -0.399006638428 6.81914301879
41.88376753507014 1.59022757247 3.0727659225 0.300146345953 7.12065216324
41.983967935871746 1.87945425743 2.70667770369 1.02485449371 7.32882156824
42.08416833667334 2.13382697273 2.37598533948 1.7657066209 7.44294372245
42.18436873747495 2.35662316745 2.07606233923 2.51327783399 7.4626648772
42.28456913827655 2.55095519464 1.80889866201 3.25793883256 7.38359513658
42.38476953907816 2.72058812787 1.58574985921 3.98928183513 7.19425700984
42.48496993987976 2.87087724017 1.4267137806 4.69535567628 6.87547406978
42.585170340681366 3.00945969753 1.35604343675 5.362007492 6.40332729422
42.68537074148296 3.14622663171 1.39244696287 5.97274020512 5.75656006714
42.78557114228457 3.29210726182 1.53555025441 6.50951652346 4.92769753634
42.88577154308617 3.45647985067 1.75305117921 6.95471775231 3.93408519388
42.985971943887776 3.64363219461 1.97593092912 7.29394276366 2.82248056544
43.08617234468938 3.84943669293 2.10823283563 7.51870549012 1.66195569191
43.186372745490985 4.05977633277 2.05145201117 7.62784812834 0.526291106698
43.28657314629258 4.25181837861 1.73508036961 7.62700544216 -0.52555606324
43.38677354709419 4.39814091165 1.14097497838 7.52644161006 -1.46109302381
43.48697394789579 4.47256619692 0.311966669405 7.33830988568 -2.27422997586
43.587174348697395 4.45591032724 -0.658349443135 7.07437587087 -2.9770958127
43.687374749499 4.33989605863 -1.65093031112 6.74470298515 -3.58997457957
43.787575150300604 4.12813757293 -2.55256850774 6.35725341759 -4.13350207494
43.8877755511022 3.83416925631 -3.28179112967 5.91810517082 -4.62414794469
43.987975951903806 3.47752149993 -3.80113322105 5.43198131622 -5.07234543299
44.08817635270541 3.07932781135 -4.11460493765 4.90287085279 -5.48241704553
44.188376753507015 2.65873530593 -4.25535863708 4.33459276455 -5.85369388402
44.28857715430862 2.23074291276 -4.27062088741 3.73120841773 -6.18234386888
44.388777555110224 1.80545517437 -4.20913217988 3.09723718165 -6.46337630077
44.48897795591182 1.38836613389 -4.11326008814 2.43768536349 -6.69228395031
44.589178356713425 0.981202992267 -4.01557649307 1.7579449325 -6.86595590846
44.68937875751503 0.582941578559 -3.93853875399 1.06364177029 -6.98279855545
44.789579158316634 0.190764831907 -3.895742358 0.360502340337 -7.04229765786
44.88977955911824 -0.199128542039 -3.89346530203 -0.345723400862 -7.04440360187
44.98997995991984 -0.590847561436 -3.931666936 -1.04928449065 -6.9891041042
45.09018036072144 -0.988186708508 -4.0040318249 -1.74442772231 -6.87639968435
45.190380761523045 -1.39395795316 -4.09705176266 -2.42541551353 -6.70669108228
45.29058116232465 -1.80919923261 -4.18854877758 -3.08659508757 -6.48137406982
45.390781563126254 -2.23223586973 -4.24645840211 -3.72252401919 -6.20329002198
45.49098196392786 -2.65768834963 -4.22913564859 -4.32811660134 -5.87664567325
45.591182364729455 -3.07564644677 -4.08869023802 -4.89874512211 -5.50616507253
45.69138276553106 -3.47139002271 -3.77869165972 -5.43021752352 -5.09551090952
45.791583166332664 -3.82611606074 -3.26644115288 -5.91857406697 -4.64532543587
45.89178356713427 -4.11904731659 -2.54772695959 -6.35969049597 -4.15141566075
45.99198396793587 -4.33095109465 -1.65891501296 -6.74872855695 -3.60363418338
46.09218436873748 -4.44843410324 -0.679546609921 -7.07953157864 -2.98594638493
46.192384769539075 -4.46780329904 0.279526890858 -7.34410994851 -2.2783021922
46.29258517034068 -4.39702622446 1.10142079683 -7.53243868396 -1.46114210116
46.392785571142284 -4.25479708529 1.69390301074 -7.6328665119 -0.52310490359
46.49298597194389 -4.06672023381 2.0143988027 -7.6334254197 0.529124633586
46.59318637274549 -3.85967739132 2.08016899461 -7.52407428268 1.66293431054
46.6933867735471 -3.65609721546 1.95994337054 -7.29938103866 2.81990422408
46.793587174348694 -3.46989552423 1.7500477302 -6.9606238606 3.92730670027
46.8937875751503 -3.30521330913 1.54441588901 -6.51629475074 4.91723265771
46.9939879759519 -3.15794983728 1.41069700158 -5.98069865692 5.74372551144
47.09418837675351 -3.01901025296 1.38063836236 -5.37130580291 6.38967536094
47.19438877755511 -2.8777692759 1.45470980703 -4.70600584182 6.86234532066
47.294589178356716 -2.72461000901 1.6146526989 -4.00118090361 7.18259607192
47.394789579158314 -2.55211987019 1.83673716375 -3.27090626445 7.37401389028
47.49498997995992 -2.35511771949 2.1012955315 -2.52708122788 7.45563318925
47.59519038076152 -2.12997642036 2.39737463445 -1.78006571007 7.43897309718
47.69539078156313 -1.87369720071 2.72317365862 -1.03943062395 7.32858189896
47.79559118236473 -1.58310074023 3.08349029838 -0.314525684741 7.12494926564
47.895791583166336 -1.25437382581 3.48533321976 0.385319309603 6.82877356524
47.99599198396793 -0.883106622296 3.93274722796 1.05104959085 6.44556116189
48.09619238476954 -0.464840969842 4.42191586926 1.67456280988 5.98926719288
48.19639278557114 0.00394343125161 4.93742633386 2.24964492427 5.48359251356
48.296593186372746 0.524543646385 5.45006412495 2.7728752474 4.95994553172
48.39679358717435 1.09458442233 5.91556861141 3.24416088018 4.45232101156
48.496993987975955 1.70644836016 6.27330333543 3.66667291392 3.9908121994
48.59719438877755 2.34555898097 6.44482298326 4.0461661644 3.59611312898
48.69739478957916 2.98861789699 6.33527815663 4.38987323279 3.27696588604
48.79759519038076 3.60239213293 5.84422785615 4.70531571423 3.03064896514
48.897795591182366 4.14436557137 4.89298121324 4.99925564934 2.84509817266
48.99799599198397 4.5669961109 3.46771935915 5.27685632891 2.70065572343
49.098196392785574 4.82640641954 1.66045187323 5.54096236739 2.5707632452
49.19839679358717 4.89376398847 -0.323682070577 5.79143155286 2.42248916295
49.298597194388776 4.76474599676 -2.21230724672 6.02453303503 2.21717375366
49.39879759519038 4.46238265374 -3.74547310566 6.23234601205 1.90947661286
49.498997995991985 4.03218949131 -4.74209633899 6.40197017196 1.44514631098
49.59919839679359 3.53271576062 -5.12352336605 6.51472799071 0.76487116291
49.699398797595194 3.02554214476 -4.90554458398 6.54649672238 -0.175844188432
49.79959919839679 2.56646974911 -4.18617433008 6.47086018493 -1.37217917222
49.899799599198396 2.19775197932 -3.13544393136 6.26561375986 -2.74262946188
50.0 1.9419876569 -1.96881303146 5.92037079414 -4.13840487417
