Estación:       ECOGUARDAS,  DF
Operada por:    SMN EMAS
Longitud:       99°12'14"  Latitud: 19°16'17"  Altitud: 2200

DD/MM/AAAA HH:MM      DIRS      DIRR      VELS      VELR      TEMP        HR        PB      PREC   RADSOL
30/01/2018 23:00        81       120      2.74     10.20      10.1        30     756.3       0.0      64.8
31/01/2018 00:00        52        83      2.38      8.30       8.9        37     756.4       0.0       3.8
31/01/2018 01:00        64       100      3.26      9.60       7.4        48     756.7       0.0       0.0
31/01/2018 02:00        23        38      3.18      6.30       5.6        60     757.2       0.0       0.0
31/01/2018 03:00         0        51      2.14      5.50       4.9        68     757.6       0.0       0.0
31/01/2018 04:00       286       360      0.97      3.80       4.3        73     757.7       0.0       0.0
31/01/2018 05:00       353        67      2.25      4.40       3.8        78     757.6       0.0       0.0
31/01/2018 06:00       310       315      2.10      4.50       3.3        81     757.3       0.0       0.0
31/01/2018 07:00       274       256      2.33      5.00       3.1        83     756.9       0.0       0.0
31/01/2018 08:00       304       323      4.09      7.70       2.1        87     756.5       0.0       0.0
31/01/2018 09:00       322       334      3.73      7.30       1.6        89     755.9       0.0       0.0
31/01/2018 10:00       333       360      2.43      6.00       1.7        90     755.5       0.0       0.0
31/01/2018 11:00       252       258      2.59      6.10       1.8        91     755.5       0.0       0.0
31/01/2018 12:00       292       241      1.93      4.00       1.8        92     755.7       0.0       0.0
31/01/2018 13:00       317        50      0.82      3.90       2.3        92     755.9       0.0      20.5
31/01/2018 14:00       166       240      2.60      7.50       6.0        75     756.4       0.0     250.8
31/01/2018 15:00       169       184      2.81      9.10       8.4        64     757.0       0.0     244.5
31/01/2018 16:00       157       131      4.13     12.00      11.5        52     757.3       0.0     426.5
31/01/2018 17:00       103       142      4.71     14.50      13.4        48     757.2       0.0     537.3
31/01/2018 18:00       203       330      4.58     23.30      17.2        39     756.5       0.0     732.0
31/01/2018 19:00       272       317     14.05     34.30      19.0        35     755.5       0.0     801.5
31/01/2018 20:00       268       280      9.72     24.40      17.9        36     754.7       0.0     332.8
31/01/2018 21:00       240       287      9.41     25.20      18.3        34     754.4       0.0     391.0
31/01/2018 22:00       215       229      9.30     19.00      17.7        35     754.3       0.0     192.5
31/01/2018 23:00       263       286      7.62     21.50      16.5        39     754.5       0.0     113.7
01/02/2018 00:00       302       327      9.99     24.70      14.2        47     755.0       0.0      13.3
01/02/2018 01:00       303       319      9.62     23.50      13.1        48     755.6       0.0       0.0
01/02/2018 02:00       310       333      9.94     19.90      12.1        44     756.2       0.0       0.0
01/02/2018 03:00       329       328      9.91     20.00      11.1        43     756.6       0.0       0.0
01/02/2018 04:00       344       343      3.72     17.50       9.5        47     756.9       0.0       0.0
01/02/2018 05:00       329       336      4.60     11.80       7.6        57     757.2       0.0       0.0
01/02/2018 06:00       312       320      5.97     13.00       7.4        64     757.1       0.0       0.0
01/02/2018 07:00       317       318      8.01     16.30       7.5        67     757.1       0.0       0.0
01/02/2018 08:00       322       336      6.16      9.60       6.5        72     756.8       0.0       0.0
01/02/2018 09:00       326       336      7.92     12.50       6.4        76     756.6       0.0       0.0
01/02/2018 10:00       333       341      7.62     11.70       5.6        78     756.3       0.0       0.0
01/02/2018 11:00       336       336      7.78     13.80       5.7        76     756.3       0.0       0.0
01/02/2018 12:00       331       327      9.25     13.20       6.1        73     756.5       0.0       0.0
01/02/2018 13:00       344       336      5.71     12.30       6.8        69     756.9       0.0      29.3
01/02/2018 14:00       316       360      1.24      5.40       9.6        66     757.7       0.0     142.2
01/02/2018 15:00       169       215      3.44     10.60      13.1        55     758.2       0.0     330.5
01/02/2018 16:00       182       311      4.90     12.40      15.7        46     758.7       0.0     594.3
01/02/2018 17:00       151       144      5.74     13.80      18.2        38     758.5       0.0     728.5
01/02/2018 18:00       134       237      4.95     16.20      20.3        31     757.7       0.0     904.3
01/02/2018 19:00       136       162      5.84     23.40      22.5        26     756.9       0.0     836.3
01/02/2018 20:00       139       190      5.30     16.80      22.8        26     756.2       0.0     685.2
01/02/2018 21:00        59       126      3.95     15.30      21.8        27     755.8       0.0     346.3
01/02/2018 22:00        64       360      1.22     10.30      20.6        29     755.9       0.0     151.5
01/02/2018 23:00       348       360      4.97     11.00      19.5        33     756.2       0.0      87.5
02/02/2018 00:00       327       350      0.82      8.30      16.0        45     756.7       0.0      11.8
02/02/2018 01:00       358       360      6.87     17.80      13.5        52     757.3       0.0       0.0
02/02/2018 02:00        31       360      5.63     26.00      14.7        48     758.5       0.0       0.0
02/02/2018 03:00        36       106      3.35     10.90      12.9        56     759.1       0.0       0.0
02/02/2018 04:00         4       355      7.07     14.60      12.5        59     759.5       0.0       0.0
02/02/2018 05:00       353       359      8.18     16.10      11.6        60     759.6       0.0       0.0
02/02/2018 06:00       348       358      9.85     18.30      11.3        56     759.6       0.0       0.0
02/02/2018 07:00       343       350     10.08     18.70      11.0        54     759.4       0.0       0.0
02/02/2018 08:00       336       360      8.98     15.00       9.8        56     759.2       0.0       0.0
02/02/2018 09:00       334       339      9.01     15.10       9.4        57     758.9       0.0       0.0
02/02/2018 10:00       333       340      9.10     12.60       8.5        60     758.8       0.0       0.0
02/02/2018 11:00       336       343      8.44     13.00       8.0        60     758.9       0.0       0.0
02/02/2018 12:00       337       349      8.18     13.00       7.2        64     759.1       0.0       0.0
02/02/2018 13:00       305       339      4.06     13.90       7.9        60     759.4       0.0      28.3
02/02/2018 14:00       194       209      2.65      7.60      11.0        55     760.1       0.0     200.0
02/02/2018 15:00       129       171      4.88     13.60      14.5        44     760.6       0.0     462.5
02/02/2018 16:00        88       115      8.22     21.90      17.3        39     760.9       0.0     654.7
02/02/2018 17:00       103       104      7.43     24.50      18.9        35     760.7       0.0     808.5
02/02/2018 18:00        72       336      8.98     22.70      20.0        33     759.9       0.0     873.2
02/02/2018 19:00        75       117      6.96     20.80      21.4        29     758.8       0.0     863.8
02/02/2018 20:00       156       187      6.46     18.10      22.8        26     757.8       0.0     771.8
02/02/2018 21:00       142       186      2.05     16.30      22.9        24     757.1       0.0     591.0
02/02/2018 22:00        76        64      2.65     13.60      22.7        23     756.8       0.0     363.5
02/02/2018 23:00       355       347      2.93     14.50      21.3        26     756.8       0.0     177.5
03/02/2018 00:00       318       298      5.09     22.70      17.6        37     757.0       0.0      25.2
03/02/2018 01:00        45        73      6.21     15.50      16.0        48     757.8       0.0       0.0
03/02/2018 02:00        36        59      5.78     19.60      13.7        60     758.4       0.0       0.0
03/02/2018 03:00        50        62      3.75     12.60      11.8        72     759.1       0.0       0.0
03/02/2018 04:00        12        93      3.45     12.40       9.8        83     759.7       0.0       0.0
03/02/2018 05:00       296       336      1.93      7.30       7.8        90     759.5       0.0       0.0
03/02/2018 06:00       328       316      2.64      6.90       7.1        94     759.2       0.0       0.0
03/02/2018 07:00       312       318      4.62      7.60       6.8        95     759.1       0.0       0.0
03/02/2018 08:00       290       320      3.26      6.60       7.3        95     758.7       0.0       0.0
03/02/2018 09:00       302       343      2.91      8.60       8.3        92     758.6       0.0       0.0
03/02/2018 10:00       327       340      5.27      9.30       6.0        95     758.2       0.0       0.0
03/02/2018 11:00       330       336      6.33      9.10       5.2        96     758.1       0.0       0.0
03/02/2018 12:00       332       349      6.32      9.30       4.7        98     758.1       0.0       0.0
03/02/2018 13:00       329       333      5.75      8.80       4.7        98     758.4       0.0      19.7
03/02/2018 14:00       172       210      2.40      9.30       8.1        93     758.6       0.0     214.3
03/02/2018 15:00       135       157      3.31     10.30      11.7        76     759.0       0.0     435.8
03/02/2018 16:00       163       201      5.13     14.30      16.5        56     759.2       0.0     635.0
03/02/2018 17:00       172       196      5.78     15.30      18.6        46     759.1       0.0     688.2
03/02/2018 18:00       121       139      5.42     16.80      20.4        38     758.2       0.0     782.0
03/02/2018 19:00       113       196      6.50     20.10      22.4        32     757.1       0.0     771.3
03/02/2018 20:00        80       184      3.90     17.00      22.7        28     756.2       0.0     586.7
03/02/2018 21:00       229       254      0.56     15.10      21.7        26     755.6       0.0     342.3
03/02/2018 22:00       188       191      3.12     12.10      21.6        26     755.4       0.0     274.2
03/02/2018 23:00       305       349      1.52      7.10      19.9        31     755.5       0.0     111.2
04/02/2018 00:00         3       357      5.15     19.50      16.8        39     755.8       0.0      16.5
04/02/2018 01:00        37       335      3.35     16.20      15.4        44     756.4       0.0       0.0
04/02/2018 02:00        22       356      4.58     11.30      13.6        50     757.2       0.0       0.0
04/02/2018 03:00       337       325      7.61     12.80      12.7        53     757.8       0.0       0.0
04/02/2018 04:00       342       359      7.58     13.20      11.6        57     758.0       0.0       0.0
04/02/2018 05:00       339       356      8.63     13.60      11.3        58     758.0       0.0       0.0
04/02/2018 06:00       333       328      9.52     16.20      11.4        57     757.8       0.0       0.0
04/02/2018 07:00       333       355      9.23     14.60      10.8        59     757.6       0.0       0.0
04/02/2018 08:00       333       336      8.81     13.60      10.6        59     757.2       0.0       0.0
04/02/2018 09:00       330       341      9.36     14.80      10.4        62     756.9       0.0       0.0
04/02/2018 10:00       331       336      9.38     14.50      10.0        64     756.9       0.0       0.0
04/02/2018 11:00        17       338      3.04     14.30       8.8        67     757.0       0.0       0.0
04/02/2018 12:00       335       329      6.96     14.00       7.1        75     757.1       0.0       0.0
04/02/2018 13:00       330       343      9.41     16.50       9.7        65     757.6       0.0      29.2
04/02/2018 14:00       116       339      1.33     13.30      12.7        57     757.9       0.0     220.0
04/02/2018 15:00       126       244      3.88     11.90      15.5        50     758.4       0.0     464.5
04/02/2018 16:00        85       189      5.88     14.20      18.4        39     758.8       0.0     668.0
04/02/2018 17:00       109       183      6.38     22.70      20.1        30     758.5       0.0     717.3
04/02/2018 18:00       127       140      6.93     19.50      22.2        26     757.6       0.0     890.8
04/02/2018 19:00       122       156      5.95     18.10      23.1        24     756.7       0.0     819.0
04/02/2018 20:00       103       192      5.66     16.80      23.4        24     755.8       0.0     603.0
04/02/2018 21:00       154       141      4.80     15.30      24.3        22     755.1       0.0     589.2
04/02/2018 22:00        81       197      4.11     15.00      22.7        25     754.8       0.0     253.8
04/02/2018 23:00         4        96      5.96     13.90      21.2        29     755.0       0.0     141.7
05/02/2018 00:00       326       336      6.64     13.30      18.2        37     755.3       0.0      21.0
05/02/2018 01:00       348       353      6.87     13.20      15.6        43     755.8       0.0       0.0
05/02/2018 02:00        14        47      7.58     24.00      15.5        43     756.6       0.0       0.0
05/02/2018 03:00         2       355      6.07     14.70      14.4        51     757.4       0.0       0.0
05/02/2018 04:00        11       360      5.21     15.30      12.8        60     757.9       0.0       0.0
05/02/2018 05:00       346       360      8.05     15.20      12.3        62     758.0       0.0       0.0
05/02/2018 06:00       341       347      4.25     11.00      11.4        65     757.7       0.0       0.0
05/02/2018 07:00       327       329      6.19     12.20       9.9        70     757.4       0.0       0.0
05/02/2018 08:00       324       354      5.78     10.70       9.5        70     756.9       0.0       0.0
05/02/2018 09:00       319       312      6.02     10.10       8.3        75     756.5       0.0       0.0
05/02/2018 10:00       327       336      6.78     10.10       7.6        78     756.6       0.0       0.0
05/02/2018 11:00       319       335      6.51     11.30       7.5        78     756.9       0.0       0.0
05/02/2018 12:00       319       327      6.78     10.80       7.2        78     757.2       0.0       0.0
05/02/2018 13:00       327       323      4.89     11.50       7.0        79     757.6       0.0      25.8
05/02/2018 14:00       220       209      3.69      8.00      11.2        64     758.1       0.0     212.0
05/02/2018 15:00       188       210      3.25     11.30      15.4        48     758.4       0.0     449.2
05/02/2018 16:00       170       183      6.17     15.30      19.3        38     758.4       0.0     649.7
05/02/2018 17:00       170       205      6.51     17.10      21.7        31     758.0       0.0     807.2
05/02/2018 18:00       160       193      6.39     21.70      23.0        26     756.9       0.0     893.8
05/02/2018 19:00       183       177      7.54     25.70      23.6        26     755.9       0.0     761.7
05/02/2018 20:00       187       260      3.81     18.10      23.3        26     755.1       0.0     644.8
05/02/2018 21:00       226       309      5.49     19.70      22.0        28     754.5       0.0     271.8
05/02/2018 22:00       241       244     10.09     28.20      22.8        25     754.4       0.0     429.3
05/02/2018 23:00       271       297     13.21     30.70      20.4        28     754.6       0.0     200.5
06/02/2018 00:00       278       294     16.41     36.70      17.8        34     754.8       0.0      21.8
06/02/2018 01:00       290       313     16.25     34.80      16.8        35     755.3       0.0       0.0
06/02/2018 02:00       318       313     11.05     28.40      16.8        29     756.3       0.0       0.0
06/02/2018 03:00       353       352      6.07     19.20      15.5        31     757.2       0.0       0.0
06/02/2018 04:00       287       360      3.31      7.90      11.5        47     757.8       0.0       0.0
06/02/2018 05:00       305       331      6.67     13.20      12.4        52     758.1       0.0       0.0
06/02/2018 06:00       314       324      6.27      9.60      11.0        62     757.8       0.0       0.0
06/02/2018 07:00       328       334      7.90     11.30      10.6        66     757.5       0.0       0.0
06/02/2018 08:00       330       332      6.99     10.00       9.3        72     757.1       0.0       0.0
06/02/2018 09:00       326       332      8.06     11.30       9.1        73     756.7       0.0       0.0
06/02/2018 10:00       332       339      7.47     11.50       8.7        73     756.4       0.0       0.0
06/02/2018 11:00       332       334      7.95     10.70       8.7        73     756.7       0.0       0.0
06/02/2018 12:00       314       318      7.48     13.50       9.2        65     757.1       0.0       0.0
06/02/2018 13:00       332       323      5.00     10.80       8.5        66     757.4       0.0      36.2
06/02/2018 14:00       282       332      1.37      4.70      11.3        62     758.0       0.0     190.0
06/02/2018 15:00       131       154      2.41      8.50      14.6        51     758.4       0.0     262.3
06/02/2018 16:00       165       195      4.79     13.50      17.6        44     758.7       0.0     567.5
06/02/2018 17:00       165       208      5.43     14.30      20.4        34     758.5       0.0     724.0
06/02/2018 18:00       157       214      6.04     18.60      22.3        28     757.9       0.0     918.7
06/02/2018 19:00       177       274      6.12     23.80      23.2        22     756.9       0.0     892.7
06/02/2018 20:00       120       205      6.81     20.80      24.7        21     755.9       0.0     796.2
06/02/2018 21:00       214       186      6.54     21.50      23.4        22     755.4       0.0     373.3


